1 2 6
1 3 4
2 1 6
2 6 7
3 1 4
3 4 4
3 12 4
4 3 4
4 5 2
4 11 7
5 4 2
5 6 10
5 9 10
6 2 7
6 5 10
6 8 15
7 8 6
7 18 2
8 6 15
8 7 6
8 9 15
8 16 11
9 5 10
9 8 15
9 10 6
10 9 6
10 11 12
10 15 14
10 16 20
10 17 16
11 4 7
11 10 12
11 12 14
11 14 14
12 3 4
12 11 14
12 13 3
13 12 3
13 24 18
14 11 14
14 15 12
14 23 9
15 10 14
15 14 12
15 19 4
15 22 9
16 8 11
16 10 20
16 17 10
16 18 3
17 10 16
17 16 9
17 19 7
18 7 2
18 16 3
18 20 4
19 15 4
19 17 7
19 20 9
20 18 4
20 19 10
20 21 8
20 22 8
21 20 8
21 22 4
21 24 12
22 15 9
22 20 8
22 21 4
22 23 12
23 14 9
23 22 12
23 24 4
24 13 18
24 21 12
24 23 4